28c6fbeb-0006-d79f-a82e-7a93add8a6a3
9acdb164-a8f5-b239-4276-328515f77d8f
a190e18d-c17f-10cc-c73c-43a20374ead3
66a6b04a-1da8-0f33-a001-279de9147c50
8b3c2e28-998c-e0e9-ceee-2ec9489d69f3
f5ed3a83-e40d-e545-98a6-67b43758163c
b2da049d-5dcd-73c1-9e84-ef5023dfb273
a22f88c7-97e1-1de7-01b6-63a64827b669
092b48b3-176e-39e6-c4c0-1ad10a00514e
958d3737-8bde-f107-f34b-e85dfacee23d
1c59df03-76ea-0ed7-37e8-512cf42fcb2b
c8a9ccc7-7c16-d91a-b748-ec22593d3bf1
566aa0f7-44b0-82b1-66de-2df2b0ffea26
f4b1c51d-a982-6a7b-1bf3-f4af52c12753
0e81a73f-f6e6-d540-5d96-ae08f9021e52
77247726-102b-7716-0f7a-66857f2fbe6d
50e39358-8e06-53bc-57de-32867b716f58
88d8b981-861a-c9d0-d029-1724347d85b8
a17b2a91-96de-60ee-b904-42929d9159f8
705a1174-e416-b0b2-1de2-0abf26bd0a5a
da839c0b-1fc0-308f-33d0-af4a348a7304
ab12d10a-0871-8b7a-c126-a4736c4d65ee
8faf2e46-e654-ff67-874e-f1935c8f7680
4a570c5d-b2b5-de5d-993e-0294c73c2ef6
c277c04f-0703-1399-2dfb-c685088e41ac
bf7cc888-9ac5-da40-1a19-d4c02c83ac56
77a94d6d-36ce-f21b-a6ea-81de2ca0a057
abb1975a-1b1a-fe88-d50f-ab8b5a8a3829
a1170706-2dbf-21fe-07c4-56a62635996f
4ebe7616-2c18-9c33-ef36-a66d899f1b13
32b1b0de-0720-a402-cb35-22a6a524729e
5e9fa74e-e327-5575-eb78-2001feca215a
08a6fc34-c44b-2d50-f39f-fdeb112ab989
343e31a1-8592-7b36-7d63-051164773124
1fe75abb-3687-35ad-dce2-12a2e2829493
0c82cd75-ca54-219b-747c-ae197574245b
d36a3667-6d8b-8f3e-e598-212ae86c8f48
0b99e7bc-5179-9705-2bb4-3a46f0a59159
3d8e910a-1152-7085-92e8-4cf3d247a4a6
4163a8b3-eeee-6268-47c8-b82667abd329
73189979-e817-5833-03e8-bf664184003a
8ee1889c-b373-b8a8-c216-c5168ecb3f25
6d7630d5-0d4a-790f-4eb2-ef84b7a73f46
09b3b21b-16c3-d8f8-c79b-a8f716b31b2b
c8425eb2-ba13-f2ae-6b13-839f8dd63525
74570643-34df-ce91-d18d-178b86234e05
3457df32-8642-804e-e322-698833ad9ad6
9b4c67da-7417-623e-6e98-6c95ce539d2d
af8258ac-b2b5-9ea0-93c0-3c719d478adc
2fb46d03-6cc2-69d5-f780-ca6c740ec0c6
3ab9ed91-047c-c597-f4b9-ebff4f071ef3
27dbf815-67c4-8f52-d60d-621dc52a73f6
9784954a-0bae-5eed-8c7c-1ab60d2a11f9
ebb2daaa-422b-118a-7285-c07dfee9d3cb
fd1dfdc7-a56b-38ec-2d95-a49e1548d8d0
b1990d93-25d0-8913-81e2-3aae4a54b5fe
48d5c3d0-3a3c-10ef-7214-08c0133c6aaa
b3ce53c9-11fe-e01e-0c52-296e1e274a6f
388ba6a7-db51-0990-bfe8-ea98db097b15
d6582b5f-4a11-55e9-2d57-f4fc7f1e6e4b
df12b8c9-2b7a-94c2-7e2c-d722f2f512e6
6a919ac9-215c-3835-4ee7-451c45814d65
999be23f-476f-a023-b8bf-80962ce03276
14f47025-cb56-5c15-eb1b-b0289e8af19c
74792803-55db-4b59-f30c-d06d9ec377e1
a7eebe8b-ee0b-747e-2fb2-a7ec837a79cf
5fad2379-3b74-057e-6141-57e5c8bef58d
51522ea4-a03c-c965-2d95-e2089e3cb50c
b5d7d860-44c9-5e77-e709-eac4bb32473b
35244ac9-bb62-eb4f-95b0-fde10e0c16ec
9b413301-569c-9223-ce3f-b833b4ce3af6
cca7b48e-a507-65b6-5ba5-4602d3927b96
53517d7c-4f1f-ef3c-21ad-c81a1fc655eb
08194048-dcbe-e554-cca3-04287750347e
e35a1378-2579-33c4-ac02-d18b99e2015d
82ec02fe-2920-1571-4128-621f72ecae3f
5af3c657-8269-2d7f-b578-0c533b73dddc
02c94b4a-5acb-c96c-c9f0-baaf992fb36f
f754a454-a434-f736-77e4-569dc01dbd2f
2a74bae0-9c65-1ccc-ae58-5ac7c17556d9
a1a1f666-3ae8-63d2-687f-7504361e304c
d700ebcc-8a0a-7852-28dc-c190cf9c9468
f15ffdd1-291e-0c10-2ef0-19c12c95ce78
449a53f0-e00e-3092-42e6-bf64c770915c
d583595f-ade0-ce93-38b5-7651cf6ac501
b2bc330b-64f3-7e57-af87-d8516c055731
b6e72399-fb49-9f42-846f-c18687240a28
2a98be64-7590-2501-1d0d-c0692ce02ac7
e60a1b65-c465-a5bd-7b35-ec3c1928c1a1
1cc2a367-88d0-52a4-c01c-c5aaf1d99cda
8931c1cd-8f22-b4b5-29d2-af7cbe491ca1
848498d0-26bd-8eeb-4d1e-5844b44b9f8e
b9814308-1e18-bd45-258f-0b8e529b1969
1f42a30f-58ff-5578-9782-8259f85aed23
4a9774c6-7b96-cfcc-6961-8e67b0629f86
123e9416-9b72-1d8c-b027-bdb0e8b54e7a
75459a37-d4a8-ce0c-ffb4-5c93aaeef678
1c747fa4-4b63-ae58-a802-374cd7d624c1
3f1a47b2-3da5-78c5-51e1-eaf02aeb3d45
523a4e53-b3b2-15e6-6d95-03d901203fef
cdf08bca-fa88-2b36-2bcc-f711089fac0f
3b7bb6d5-7b94-1094-c2cf-29db5daf52d1
d9940f2c-a004-7ab4-d314-146c3e9cd17f
a97378ae-4607-c2d2-8cd6-cd96f116aa0a
db20ae81-52f5-ba1e-3693-9a429b9dd11c
515e838e-631b-ca29-c7dd-d36bff4626eb
fe33eb3e-3ab1-f1c8-d6a0-b614c8b25a93
0f7b585d-1800-6e9e-2b00-551e35268912
bd734890-28cc-63cc-5ac1-b030a23e08d8
add685c1-1fbc-1560-8275-752f3c8551df
95dba363-ca66-61a1-290c-45f0a5628456
ae03628d-8de5-cac1-229a-f1918518ad6d
9356d8f8-aa7a-d67b-0f28-650184dc6633
fcef35d8-c0c1-e16f-4aab-ef96e035f986
6fe566f9-5c48-5560-498b-ca8b4aa84407
f65a5af4-37b5-2adb-af08-cc3475fce554
630658de-eac1-5ef7-2d67-56b3b1dbd702
37ea420f-2b6d-6493-ac98-ea96c78ec6f8
7f85b179-4962-cd04-74a9-9f9915f8ddd1
db158293-365c-99b4-b05f-5c2e52de4a8f
0725ce92-9ff0-22c7-154f-f38fba1bd262
ca7e59ee-543b-19c4-8e1a-216184520c48
69ab6c08-6062-cdee-480c-7d46e9e0ad56
771a3d44-e73a-f633-988b-62abdebc57fb
e9d0fe1f-c7b3-4e88-068a-27f3338eab4c
fc993a67-870a-0199-4849-b16adee4159d
b2c6e348-1f82-b4be-bb6b-dc8edcc9ca34
71d3a70d-1489-d2d3-3dec-0cc96c25c89c
7dc41b33-c112-a65b-31a7-990e727fc045
f73f588a-baf4-bd36-513d-678fc3f2887d
f58ab262-1e08-3d86-a6e2-72d69c8ebaee
88bb00ce-0551-2a76-d815-5fd465a6e47a
30b2fa78-084d-b0df-b810-3c57ca779f09
ac1a841c-8fe8-49a4-0a72-1adb471afdba
51942f88-e3ab-a970-d2eb-06c00920283b
f6ea2378-4eb9-907b-7af2-c75e7675aafc
2bda2c21-8ade-72c3-d514-3026f50bc8aa
a45bf656-767f-a912-1368-125416b00ccf
a62d941a-bafd-d9e3-ec0b-7d91f5f6cf5d
8750a385-ee0b-5dc6-128a-d1022bccd4f6
6ef07c9c-6165-39e6-b92d-13a2c7e2db88
a6e5ef93-3d23-a93e-0535-630b77e9b17c
3e090930-3438-60a6-376f-c20551627016
c0e2af1c-a9a7-a815-392a-64b3f1eed9a0
2775fad3-9ae2-8eb5-004b-6bb69a16519c
c6a1ffe5-ad98-a729-b847-00514452fe95
d3fce317-4e3f-9f21-49a6-b622c4705f07
3588d4f1-4fc9-2f2b-11e6-e5451512d27f
8d9e0baf-8d8a-f3a7-f868-a54140ed85dc
cc2796f5-bbe6-4cc8-7e4c-5ecc9409f64c
b3e2dbb0-d8ed-b628-af12-71c721ee801e
5447eca8-0d5e-51d8-eeca-24ddb20cfd72
b7599883-57dd-5831-3d1c-afe59b5acef2
416d8329-cce4-07e3-4502-709718ae44bd
32c0fdf2-b43b-3b82-d757-6d901d4cad25
1367b3d6-28e4-3ac6-5be3-dc747e502599
0a11b774-2af2-9dec-b07c-161bfde54497
a3841b67-7186-7b0f-eec5-8cf8581a57da
617caa30-5e60-7daf-119a-bed19e800996
29c96c5e-04af-d8dd-304e-530b76bee20f
958ef841-253d-06c4-6b36-c139171b3c48
3cb9768d-de76-c14d-36ac-35f0ba8de5c2
682caa38-d4af-853c-e5f5-751ed3a55ec5
d33d31f0-91ad-ff5e-d002-3bb364dca6c0
fee84242-7021-eee6-97a3-36e8b30887b5
4ddbdde4-1aa5-c37c-804d-273e44d1892f
f8b7de85-a511-93f8-220f-dcf809691e7a
8fb1ab2c-e0a6-fbf7-a50e-009cf2b403ff
160b6b6d-3bc6-7fcf-e615-c9959ab6e497
306558a9-acb7-7af4-1ae3-aab91cdca272
801ab210-bb8a-9e50-2c3c-e7cba6df3a6c
321d7ad5-7993-6028-0a35-be4545971da1
c6852374-5d68-ba73-6a4e-bb0a1c859246
03cdb0c5-ebff-b0e2-51d9-0f0e420ad33a
b4b01764-6718-abc0-dbac-5da2876ffcad
19d7522e-411f-84cd-a3e9-5f7ab0990a06
b25e820b-39ba-b3e3-fdd5-8b8a2a38e760
7550c8fd-f0a1-c76d-9bc9-9dcfd73d34e7
8156d261-fd70-5566-fbbd-c9ebf6c62e62
7b9fe982-78de-1497-a9cf-6b5b360334ac
32056cec-7a5a-760b-b2d7-9959de0e2632
a8a0ee1c-e2b9-a1f2-31da-a73f79b5d56a
d2943848-bcbd-035e-5b50-b8120ad3cdb0
c5110207-bb97-0674-e400-03e5db277c51
82026624-1d55-9c49-77bb-e5ef761a637e
7e0bbd24-14fb-44ca-dfbc-a6988566c98e
02f77084-fb2e-c85c-4a4a-d4e1040e7f83
85c74990-3457-eaa9-a9e7-858e14b1955a
ea991c5f-5a61-af93-d6fc-369a3ad032c3
a1fccedb-b521-3a9c-6682-3e96a9e7ccd2
d649325c-03b7-5315-63d6-ad84bcb6dd4b
f0473a1f-e2ea-754c-1d21-21d7daedf5e8
a31aed46-74bb-8169-3183-40eac98d257e
a080c1bf-b568-a579-8370-6982b1011702
2a055592-582b-ed4f-1d9b-62c90a810699
0286f9b5-4ffa-e3b6-baac-010ef7bba185
3f9292d7-f7b2-0156-9e24-54a048cc14c0
466e793f-90af-2fdc-6d16-ab8c77c40ccf
38358fcd-eda5-9619-28e8-2239d324160d
d2c8ac2d-6a74-db39-8d5b-42726cf3dc2f
46c2c397-eb6f-b7dc-3b79-89b1955aa1a1
4bc7eb72-805e-933f-f692-70bece771f47
13e16eb4-e4e1-d683-e312-be7c913ab738
531417f2-7207-c356-c576-47d371c154f9
fbd72d0f-16a0-3f3a-014c-99fd386ca0b9
8d92fc6d-60b5-9654-5181-a71779ee83c5
35c112da-a14e-4b1d-8560-fd571ac82c03
4ffc8fb5-5942-0bc3-ef23-cc6b05ee9e39
dd74df68-37b7-8d92-0a3e-c4d512da2f08
4b7b51d7-ade2-b11a-7acf-3bcc344573b4
2f60c64f-3dd4-3302-0438-e97f32f81323
26900471-aaa3-6285-9c31-a3453c98ce53
5afeb5fb-0d84-9dd2-8da1-3b640e5befdc
01b4a220-d3fc-6225-f783-37c1547df467
1218dec1-4024-19ff-aeff-b39c86923825
e347fa41-4dd5-3107-bbbb-3a8b37d9c31d
8933837e-1d5e-0dcd-6e1f-a11a315ccab6
6f0dc463-db22-d2a1-fab8-37635827b980
49a3d6e7-403d-3bec-d130-49fbe3b611cb
e87efb54-4767-576f-496a-fc2de98edd65
28849e50-de05-aa35-2cec-c36b798ec501
c11e1c9b-f828-a2b3-5b9e-9f4176135c18
22ea0043-03a6-52b2-4bd5-687e6aa25d49
30af9a4e-264d-31af-c84c-e8b955a813e9
0de85ca1-9de1-92b8-de8f-1377099cc9f5
3fd6ba47-fb69-b5d7-ed5c-95e063ef4446
68e1ada2-6f98-dff5-4c6f-7042b375efc4
7ab75fe2-1825-adf8-0bd3-f8bbf8860b0b
eb719fde-787a-c601-b070-a8bd6eae3ab8
31a3ab84-3a41-d8e3-f966-d73e12d01ecb
5dd7a226-acec-0ded-d688-62f7290ae32a
a2340f16-0cc6-4b6c-c260-ba21a4a4d0bb
8224c2f6-6f2f-d8a5-6855-595fb52c030d
177255b0-6ca8-5f70-4821-e8d3ce8614e5
5c9ae865-033f-f897-bde1-4935c1e05dc2
0bceaaea-6203-a3d4-10b1-0f6e4facea98
edc95f1c-c1b5-33e1-decc-ee2b7ecba18d
2ccd0487-da8a-b617-39bb-d31fc85e2f92
2c0f7475-8dba-b40c-732e-616f5f2970fe
114c010d-3604-fa1c-9b32-256b4b7752e7
b9fa9a2b-45ba-96ff-28b6-5950a48bda84
7fcb6743-0da1-7963-7798-59a7fb64e583
f127a421-ef3b-8706-5718-93038ef48cd5
e1e86054-d12c-e3ed-34af-23c72814d18a
4b2b76b3-4d61-3050-61b9-284d13a85d18
a7428365-a213-ca32-18c2-ad601ffdde7e
9591b8e5-3ffa-8cde-47ea-2d1267fad6fa
b48ae3a9-9381-c26d-20a7-1d48559afd2d
235caa93-d723-a923-f59f-ba9c40ae97da
5826b09f-9eb4-65ff-9a9c-1af8b38860c8
412d86e7-0f06-beb1-722d-fdabe3f942a4
0b699d8f-4475-9744-80ce-09772a07840b
91e92870-a5bc-edde-421a-6cf95ec4b8b4
6933b78f-678c-66ec-0aee-71efe63a0f85
8666034d-b712-6221-1e9b-4e1c489e2190
857341bb-ff2b-6fe9-582d-92640dd2e573
91229cf5-0708-646a-7a76-4e8c3f9ba8b7
6828ef33-18e6-a5c8-cdee-1e0c3d265df5
ca1f382e-890c-d78c-e936-272b83491c96
db8e5954-96a6-11cd-09cf-8c8ff1b1dccc
e5452c15-414f-e248-35e5-4039cb363379
d2169060-c754-722f-5b21-767bf6b4d536
d5ecbba0-7b65-bb0f-153e-b4b2430f44a3
7e1858ec-5ab9-1cdf-73cd-04a4893c4a99
44643298-2de1-717c-d7f9-3e1d33329d16
57eca558-37d8-b0f6-3f7f-c8de987c3872
4ef46270-1cd2-cdca-2055-3e16d987f5af
dd2a4863-321e-4e0e-9907-b199e6c7e58a
d26a8979-a4b7-1843-7080-30f3756cfc8d
287c1c7f-4be4-05a6-4bae-8f064a1ccee5
bd268660-2558-fe80-9242-8044959361bf
53f65a01-6777-9745-c411-40ad8dc2db94
7b7d502a-b3c9-599f-2276-73ab724d3837
6e9cfdb6-3ca7-f857-64a2-6fe6797a4cba
8d25da52-b379-e1c6-4848-efef39551711
ccfd8a5f-7def-6d59-da82-647de62cbb08
99914039-f9ed-340d-dba7-865c52104768
f355b667-a4b3-6365-c65d-b39d59e7d157
4b1aa1ba-4bb0-a9a1-8a22-03f1cdbe3618
77b70126-5927-6ff3-7cc5-00973813b828
0420f022-e6ec-4472-508a-0eaf182fc215
e23d6c01-b099-7f5c-af0d-75d1ecf202f0
e3099e31-2c5c-9e11-cde2-abee7d4ed1f5
a630984f-9306-884b-e012-783f89a7fd83
0e7e07a5-21dc-acd4-f3aa-87a201af8d69
8c839fb3-dc83-8be5-28a2-365657af9e20
f2d7909a-068e-cf1e-6fb2-8da8e9ef8767
14a9b31e-0ae2-9994-4762-34af26b3901f
28e0ee02-792e-9915-0d9b-8a00f5fcb920
4379c95b-55fc-7833-c751-a518cda5e314
628b8237-321f-6865-0e8e-166a1a949ba9
a69df46f-5900-1109-2f7a-66b048f65bf6
0149ced3-7a34-7267-8f54-b6dacd1cc199
9551e4eb-0d10-1f46-21b2-292af1fb5db3
a0da2c09-a154-bf02-41da-916e99771d5c
e7c4caf2-2b86-02b3-cf96-d1b34d9ac1a1
8ed336d1-8173-f4d2-88b7-480df83c2750
7e0e68f1-247c-40d7-4893-6ae8be0b7ebb
35ee266c-7ed7-2a29-0e4b-81dbdeda7583
18aec8e0-46bd-15de-c9a4-08ed8bda6ab1
4227130b-a241-f916-750a-ba03cb37601d
48321c3b-5cf7-acec-9679-7bb1e5e8c8da
8644b879-3278-c54b-3273-b2a921b90832
43436261-4a20-7033-4538-c34725295f59
fdd5834a-8524-655c-291a-1061324fa71d
f335c4bc-2ef5-47d8-2a8a-e5d52e603a86
60080697-4b87-88a4-5d96-a582d0777729
48b18313-d0f0-28ee-f9c0-90e421873beb
cc152745-d11e-86dc-a3ce-354d4da68686
8ccfb634-d0e4-31e8-ebee-de216c994d40
f24a6a76-4bc2-4370-f4e7-7a61db4ee4d8
8dd1334f-0208-306d-e18e-6b8736306a9d
6456ed35-9ef6-a7db-c964-b34f891b40a0
30a709cd-e60f-33d3-77d8-6e6f797fd053
60908582-b408-3f3b-ae63-37bc5efe32bc
175e701c-a12d-55dc-83c3-61912c193e72
0758a5f8-fc02-fdab-23f9-76c7890c5844
119ed98d-01cf-4c8c-5c85-af9425ebc540
c18b1c95-d908-cd59-9aa7-cc502436addf
87209ad6-1143-be16-4fcc-7c4140933b13
8823ce3e-d039-b169-bcc2-5b8c17be0648
33978843-7303-5766-f019-fb5024dd80fa
211977c1-b541-bd74-9a2f-bc891392fd90
9654c6c7-cc6b-bb80-9c29-986477c9d06d
ed51eac0-cd25-98bb-70f0-701d7912a66d
cde53285-a3e9-b54b-7861-545c0fe821a5
36c89b91-8fde-2467-9619-e12f3668f71f
5425cf83-b397-75f0-75da-aac29b360f00
4524ce2e-d8d0-dca4-1361-0f4d00c9572f
e2cfbbec-a2df-36cf-e26a-533ac0a2ff25
a43e67aa-7384-2069-80ab-8cacf76757fa
449c3e58-54ed-42f7-bf90-d63987f0f5fa
61336f22-78bb-7b5d-85a9-ba52930a1cee
5e705427-8c5c-531f-fd0e-82bd1f532655
3c7c2c6f-a21e-bb17-f231-3b9cf9ae7cc6
e35fe7b2-c990-4f91-b80e-5c20da3f9665
65b2e7ab-31b7-6317-bb23-f18ec3ab3480
b3941307-dd9e-5f5b-ab96-5b20b827702f
d68795d4-dbef-a5df-52e0-d7ea8363394a
d2583d37-d53d-234f-6cab-997a1534ecd0
34de487b-3850-0976-fef1-7eb0dfe7e29b
fd8611b3-751c-133a-f4cf-9484020e44e5
46aabe6b-75c7-462f-e4bf-9133367d75db
6354f3f1-3c3c-bd6f-31b0-1332de46e807
7c038b2e-6d33-ee82-13cd-d19ddca2ec6e
62b33149-1d06-9f03-eb16-8443843a1164
45071b77-3c9f-ed15-5739-59e8f2f64ba5
5b9ae25a-18bf-dc66-8f1a-c32f41d29861
92e7dd39-5216-831a-2f31-1eb83837e1bb
9c28ea73-c4e8-4f6e-18f8-de760d95fb05
70838878-52b0-bc0d-2340-35b1c8e60214
fe907baf-58ef-1e81-e9f6-f945c9e7d540
d16c53d6-57ce-c653-1567-282d87dcbbb6
53ead27a-d530-9918-405e-d1a8672dbf02
