15d2313f-27e7-1623-2489-ca22fe921542
81c58cf5-ec0f-1126-8064-41d0c486c4ca
615814cd-2e36-a11d-65b7-8da45765f25f
6df2bbaf-f8a4-96f0-9e20-1334b18d2e0a
05fe03ca-da71-4553-ca13-f617da02d52c
5c9d37f7-ab51-0a3c-c298-c5b0e0d09f1b
15482e9b-eba7-933d-900c-60a7f500da8b
5b9d633c-fc61-e9b6-e33d-6049918cf146
a2b79c9e-fa55-020f-abcb-b268183f71dc
98bc4fd6-dff1-9a0b-9034-e04dbc4e69f7
c14c6f34-3c1c-b21e-fe0e-22d01e98506c
3d9c6fdc-8dff-2e82-5e18-6672aeb03677
7f8de86f-7968-5dfa-5317-469e9ef4172f
a40468e8-7c21-7b1c-b1f2-d7dc97648ca3
bf09a478-dcc2-bd96-44cb-f23a91ff88de
1f29683f-f9fe-aa98-f9a7-6386299f3b4d
f156278f-e2c2-79bc-0287-8ea85094b8bd
a117285a-1d63-a671-8d95-40eab77fadcc
